0	file:/Users/Lydia/Desktop/corpus/clean/about_project_PW.txt.txt	5.413818706355265E-4	4.238876642508728E-4	0.005527595630351322	0.09620395897769454	6.632443404366442E-4	0.3958441192216563	3.7353788352185297E-4	0.5004222744114529
1	file:/Users/Lydia/Desktop/corpus/clean/analysisOf_MTRP_env.txt.txt	2.504005302658757E-4	1.9605698243456622E-4	6.301818053902614E-4	0.6975621378041015	0.008012555386495685	0.21776231058237197	1.7276914721666892E-4	0.07541358776172347
2	file:/Users/Lydia/Desktop/corpus/clean/analysisOf_MTRP_land.txt.txt	3.5897262310840324E-4	2.8106605520573675E-4	9.034246671759549E-4	0.8812657244429609	0.01148674893714352	0.10229018435787475	2.476807613095596E-4	0.00316619815522121
3	file:/Users/Lydia/Desktop/corpus/clean/BC_NDP_questions_MTRP_N1.txt.txt	0.5852699521103119	4.798490358545259E-4	0.05812208769022949	4.602809794139433E-4	7.50805423547636E-4	0.344373715375793	4.2285211007466177E-4	0.010120457274774978
4	file:/Users/Lydia/Desktop/corpus/clean/BC_NDP_sideMayorsOn_MTRP_GM.txt.txt	0.010093776413262551	0.01000280544525749	0.2945179875507703	0.003539683935200917	5.135230198148693E-4	0.3742081892501318	0.30665175523684246	4.7227914871971426E-4
5	file:/Users/Lydia/Desktop/corpus/clean/bridging_dGap_DO.txt.txt	0.01355897050248955	6.47852569304227E-4	0.2503474983643973	6.214333943261098E-4	0.3383996072536684	0.36945838706345674	0.026033989210883297	9.32261641474459E-4
6	file:/Users/Lydia/Desktop/corpus/clean/debt_addsTo_MTcost_CBC.txt.txt	0.6905512716539142	3.796157823180846E-4	0.0012201909673667894	3.641351988447686E-4	5.939734519235429E-4	0.3060100201256039	3.345246579165999E-4	5.462681621121718E-4
7	file:/Users/Lydia/Desktop/corpus/clean/delatMayor_dicussMTRPwith_MinTransport_PAN.txt.txt	9.212582308947088E-4	7.213207919345929E-4	0.8315756803753565	6.919056115055945E-4	0.0011286290525471733	0.1632875816996073	6.356416208424729E-4	0.0010379826173118377
8	file:/Users/Lydia/Desktop/corpus/clean/delta_gets_bridgeMeeting_DO.txt.txt	0.14441296078152266	6.090799279833381E-4	0.5705131772009814	5.842418861888408E-4	0.018907390958355308	0.2635599487080587	5.367328336780452E-4	8.764677032317935E-4
9	file:/Users/Lydia/Desktop/corpus/clean/delta_newBridge_bestSafest_VS.txt.txt	0.09100235156619332	0.04863259205777496	0.32114252707304486	2.9484736624860826E-4	0.1394159299426202	0.3987985568841148	2.7087113425135765E-4	4.42323975751941E-4
10	file:/Users/Lydia/Desktop/corpus/clean/delta_newBridge_toContinue_GN.txt.txt	0.0012986339754120003	0.001016796003730264	0.183106177282646	0.01096632653876967	0.3213027928101361	0.44997709588057855	8.9602000539014E-4	0.031436157503337364
11	file:/Users/Lydia/Desktop/corpus/clean/delta_supports_newBridge_DO.txt.txt	0.010171744691907183	9.161141879476952E-4	0.6060585304214066	0.009880455169943164	0.0014334164487278304	0.3064022526270444	8.0729727163703E-4	0.06433018918138618
12	file:/Users/Lydia/Desktop/corpus/clean/delta_urges_MT_continues_DO.txt.txt	0.04776262066648173	4.798490358545259E-4	0.29858589386246925	4.602809794139433E-4	0.30722428387836304	0.344373715375793	4.2285211007466177E-4	6.905040915498892E-4
13	file:/Users/Lydia/Desktop/corpus/clean/deltaCouncil_swipes_Richmond_RN.txt.txt	4.2603949115968423E-4	3.335776363813429E-4	0.024016251022816012	3.199744705348137E-4	0.7576752422009945	0.2131772211411556	0.0035716748943528734	4.8001914260527724E-4
14	file:/Users/Lydia/Desktop/corpus/clean/deltaMayor_concernedNDPnGreens_willKillMTRP_DO.txt.txt	3.810735999884146E-4	0.11756942718112537	0.5462694594949471	2.8620310070125925E-4	0.023921062774066124	0.31088048802520474	2.629297982191881E-4	4.293560257478191E-4
15	file:/Users/Lydia/Desktop/corpus/clean/deltaMayor_defendsSupport_newBridge_CBC.txt.txt	6.099787149937071E-4	0.18819159374112862	0.20332767679370906	4.5812094985922975E-4	0.01482583174873878	0.5680144170929037	0.023885117299183814	6.8726365948316E-4
16	file:/Users/Lydia/Desktop/corpus/clean/deltaMayor_discuss_MT_mintransport_CR.txt.txt	9.621757233146664E-4	7.533581046516554E-4	0.8240951493033193	7.22636455111313E-4	0.0011787568768138756	0.17053996562672633	6.638735110231143E-4	0.0010840843990399176
17	file:/Users/Lydia/Desktop/corpus/clean/deltaMayor_hasHopeFor_newBridge_DO.txt.txt	0.1053296377503283	4.4424106969552176E-4	0.27206375523569415	0.009156313497901792	0.13601301099277968	0.47159720942905925	0.004756567894911507	6.392641296298313E-4
18	file:/Users/Lydia/Desktop/corpus/clean/feds_saysNoTo_envReviewOf_MTRP_VS.txt.txt	6.043068720881457E-4	4.731562735920426E-4	0.00617006997597549	0.6234485088791718	7.403334587634641E-4	0.3674657970317987	4.169543204919875E-4	6.808731881183848E-4
19	file:/Users/Lydia/Desktop/corpus/clean/financingCost_newBridge_VS.txt.txt	0.3995636527761167	4.186564235138491E-4	0.1905759032062295	4.015837779265918E-4	0.008882460249980526	0.3991863677987708	3.6892801454499913E-4	6.024477529170165E-4
20	file:/Users/Lydia/Desktop/corpus/clean/getExperts_review_MT_DO.txt.txt	0.05235266563119289	0.19729904793723674	0.0027937551566999982	0.00937415518690414	0.06968340025309046	0.5810760136263112	0.07762979450563476	0.00979116770292976
21	file:/Users/Lydia/Desktop/corpus/clean/govtChange_rekindles_MTdebate_SNL.txt.txt	2.2027218760443877E-4	1.7246728818877524E-4	0.4699741732373725	1.6543413947477987E-4	2.6985440353357806E-4	0.4830419143115	1.5198145933461408E-4	0.04600390297299134
22	file:/Users/Lydia/Desktop/corpus/clean/halt_MT_richmond_to_premier_VS.txt.txt	0.013117130925971235	0.0028171798749644277	0.10311464806720622	0.05650263030699149	0.19473577190092253	0.5421723784993664	2.293148105472442E-4	0.08731094561403041
23	file:/Users/Lydia/Desktop/corpus/clean/liberals_committedTo_newBridge_DO.txt.txt	6.528723631826018E-4	0.3119279249533622	0.17242000440685834	0.015558888063386617	0.03595978568554306	0.45224876804727704	4.5046310927785284E-4	0.010781293371112305
24	file:/Users/Lydia/Desktop/corpus/clean/mayors_reject_MT_CBC.txt.txt	5.413818706355265E-4	4.238876642508728E-4	0.0013624931396127604	0.3169543909868383	6.632443404366442E-4	0.5541180138697216	0.07951048520755451	0.04642610292094983
25	file:/Users/Lydia/Desktop/corpus/clean/metroVan_asks_BCgovt_statusUpdate_MT_SC.txt.txt	0.015313670626776084	7.316927829597367E-4	0.32588308771726343	0.07978726472914029	0.0011448577964495081	0.5035459094327119	6.447816168890359E-4	0.07294873529781007
26	file:/Users/Lydia/Desktop/corpus/clean/metroVan_wantsTo_studyImpact_MT_CBC.txt.txt	0.0011700449308034997	9.161141879476952E-4	0.020948045949667253	0.34294334633077933	0.07344701453755728	0.5584498459379474	8.0729727163703E-4	0.0013182908536604101
27	file:/Users/Lydia/Desktop/corpus/clean/MT_brings_criticsProtesters_CBC.txt.txt	0.30001999680952646	6.918971675162718E-4	0.056612371847442465	0.0074622345508805615	0.0010825907881285251	0.6325255539336478	6.097129625735764E-4	9.956419402843291E-4
28	file:/Users/Lydia/Desktop/corpus/clean/MT_mustbe_replaced_DO.txt.txt	4.404770967355642E-4	3.4488189911505986E-4	0.0011085465823859999	3.3081774984527833E-4	0.7833513039945412	0.2102349750297593	0.003692711639631052	4.962860079865654E-4
29	file:/Users/Lydia/Desktop/corpus/clean/MT_toBe_replaced_CBC.txt.txt	3.902260440927587E-4	0.01231429835532079	9.820800008512889E-4	0.04832812378774587	4.780640602753841E-4	0.4354324939891515	0.22243133615866753	0.27964337760389485
30	file:/Users/Lydia/Desktop/corpus/clean/MTPR_letsAvoid_anotherSadChapter_TP.txt.txt	4.2464761520913776E-4	0.12447892782001414	0.014136754916942757	3.189291102347299E-4	0.24227909057654912	0.26148594236993966	0.356397256676602	4.7845091450845085E-4
31	file:/Users/Lydia/Desktop/corpus/clean/MTRP_given_environmentalBacking_GN.txt.txt	9.693513127534249E-4	7.589764011107665E-4	0.0024395617680192327	0.5451379669181651	0.0011875476571164497	0.32842287548318744	0.11999155131644315	0.0010921691432046066
32	file:/Users/Lydia/Desktop/corpus/clean/MTRP_officiallyBegins_JC.txt.txt	0.0034546454906074333	3.1114128835665775E-4	0.0010000948519825886	2.9845306802770316E-4	4.868334608024496E-4	0.3639310854638937	2.741836296048079E-4	0.6302435627467248
33	file:/Users/Lydia/Desktop/corpus/clean/MTRP_rockyStart_BIV.txt.txt	4.073471145908898E-4	0.04105978216699155	0.085640759630982	3.0593567033026744E-4	0.019302503694008884	0.4043944137053419	0.4484302995954815	4.589584222730284E-4
34	file:/Users/Lydia/Desktop/corpus/clean/newBridge_bestOption_MT_VS.txt.txt	0.06662252703293191	4.798490358545259E-4	0.006257345182491498	4.602809794139433E-4	7.50805423547636E-4	0.5282578024486823	0.22202675191586427	0.17514463798121402
35	file:/Users/Lydia/Desktop/corpus/clean/newBridge_holdsFirm_Ministry_DO.txt.txt	0.08482865383960526	4.085719671872738E-4	0.06956165276350192	3.919105617939654E-4	0.03275616905450151	0.26110334477455355	3.6004139955148496E-4	0.5505896556393052
36	file:/Users/Lydia/Desktop/corpus/clean/newBridge_inJeopardy_DO.txt.txt	0.04246623262099585	0.20260881693595292	0.32174855663934987	3.7247130516817695E-4	0.0044230525526899244	0.4274799132344359	3.421828934429693E-4	5.587738179644675E-4
37	file:/Users/Lydia/Desktop/corpus/clean/newSpan_toMeet_MTRP_concerns_N1.txt.txt	9.412725120407029E-4	7.369914439212887E-4	0.002368895985851966	7.069372204191073E-4	0.2835773875774841	0.44201758682277614	6.494508978518964E-4	0.2690014775396549
38	file:/Users/Lydia/Desktop/corpus/clean/proposed_bridge_toreplace_MT_CBC.txt.txt	7.873301911499513E-4	0.37616889093197714	0.29878903751170605	5.913197397817163E-4	0.01913644633454455	0.3030966544023537	5.432351343604623E-4	8.870857541264761E-4
39	file:/Users/Lydia/Desktop/corpus/clean/protesters_crash_groundBreaking_newBridge_CBC.txt.txt	0.057641374122299735	0.005705994617479442	0.032767708755687235	0.005684501071260272	8.246844095951015E-4	0.43522818089741827	0.32155803427459606	0.14058952185166393
40	file:/Users/Lydia/Desktop/corpus/clean/publicSafety_economicImpact_MTRP_DC.txt.txt	4.0106264190226457E-4	3.1402142501496435E-4	0.001009352414230891	3.0121575383694016E-4	0.36458758644015116	0.1914228801692065	2.7672166088604105E-4	0.44168715949477133
41	file:/Users/Lydia/Desktop/corpus/clean/reconsider_MT_metroBoard_24V.txt.txt	0.001047468025974214	8.201397183589867E-4	0.4700383582663665	0.00884535337072897	0.0012832480688727218	0.4677105747022186	7.227227410107244E-4	0.04953213510646932
42	file:/Users/Lydia/Desktop/corpus/clean/richmond_delta_disagree_MT_JC.txt.txt	4.725012988503663E-4	3.699560010941417E-4	0.08116293058423917	3.548693397298015E-4	0.26958160338502146	0.61084803720298	3.2601227471230773E-4	0.036884089913372775
43	file:/Users/Lydia/Desktop/corpus/clean/richmond_highlights_gapsIn_MT_CBC.txt.txt	0.21056174343426776	0.01913608951709816	0.002018143577107769	6.022640163722225E-4	9.824066388222099E-4	0.7220567095813986	0.043739139101376154	9.035041335572757E-4
44	file:/Users/Lydia/Desktop/corpus/clean/richmond_newDirection_onMT_CBC.txt.txt	0.011570313083244969	0.28845528621359073	0.14301212728135798	5.302894442772432E-4	0.006297124228444796	0.5434200409835472	4.871676660383837E-4	0.006227651099498696
45	file:/Users/Lydia/Desktop/corpus/clean/silent_majority_DO.txt.txt	0.013473203159070479	0.2599894828901691	0.027371228965571263	0.06387255820073455	0.08323883590632677	0.5315845207643836	5.672887924329623E-4	0.019902881321311287
46	file:/Users/Lydia/Desktop/corpus/clean/uncertainFuture_newBridge_DO.txt.txt	0.05618437813654737	0.1327171059334299	0.39126082464519896	0.003823262929731638	5.546635126648938E-4	0.38677145064864177	3.1238537889556606E-4	0.02837592881488998
47	file:/Users/Lydia/Desktop/corpus/clean/useBarges_ease_MTcongestion_CBC.txt.txt	5.176644884817614E-4	0.717279372869745	0.0013028037184724755	3.887888894190406E-4	6.3418828899371E-4	0.27893675504789844	3.5717357357184217E-4	5.832531234177964E-4
48	file:/Users/Lydia/Desktop/corpus/clean/vancouverMayor_against_newBridge_N1.txt.txt	0.0014924819075359244	0.0011685737998197658	0.2334032693427326	0.001120919816251501	0.0018284324467963276	0.528627824929403	0.23067691682312275	0.0016815809343382233
49	file:/Users/Lydia/Desktop/corpus/clean/work_underway_newBridge_DO.txt.txt	6.910540369415325E-4	0.011174277142839974	0.049588572974231145	5.190120966941875E-4	0.0805956080228886	0.23945044910814625	4.7680736345188045E-4	0.6175042192548065
